10083:
939390
1128494
2517616
1752856
1417447
2527611
464815
652692
2161939
2218833
813694
1430552
1256963
1886834
376589
1139743
2527168
458392
750646
894205
439535
582722
1371696
1271675
1237465
370622
2499730
2458694
27675
2162572
2626914
10163:
1833284
807393
10230:
285679
797283
335960
960865
2606074
144896
1512329
2325599
2271716
640444
1994738
1727382
1098394
1472678
1957561
900681
1981039
1285861
1949163
585388
1517627
2586429
1597868
2173733
2220482
76403
2165413
482289
1963661
1772050
1993937
243134
1870711
1519141
2509365
761057
2002897
1227605
1081074
2030744
9393
1643151
912311
2599800
1265854
1605806
1198766
1064949
824822
353392
537678
203053
294302
206997
1179679
748967
1354427
2076387
1621553
850902
508570
108145
2319838
1346078
1940324
1352375
1441965
1331854
2618313
1327571
2511485
910335
1245185
2315296
2639032
873149
2289121
722042
1308385
752376
2095106
369006
814468
636365
829296
2641171
2499272
1844792
68669
2007052
346563
1633016
976763
212605
877391
881941
1776567
1163325
2470044
1232260
2179702
806360
210521
527547
1456988
1388430
17929
133947
2607248
2520575
2526774
2312269
113803
609970
2114758
2281284
105089
2386112
2302485
1608305
27746
1249773
10276:
2124819
1774684
1349251
2488423
1061566
1786429
1213158
2038792
1094443
2575506
1794933
1485748
738080
298564
1333091
2306810
2057853
301414
1054067
2563104
281277
2450029
1093045
1466952
234989
36696
1091770
396527
513431
1900217
791026
875445
725089
2588747
1701111
1414340
1785179
423757
2438737
2566167
1326906
1123942
465795
1791554
1743806
2635100
1556363
1847897
819007
481530
707809
1756389
61664
2212389
1465570
989255
2351709
698198
1583197
768408
1145554
1803438
317464
1857783
2406400
809539
823032
788034
718211
825695
2185669
147908
1385065
1056722
2471494
753289
1592904
1139355
606356
1643330
2222806
1367102
2216029
1325656
2565803
154089
387159
2477285
1473325
1735621
962008
635198
2212494
1004396
1645260
1612922
2368022
988646
1238183
956038
688244
1198514
1036925
2214840
1627768
367289
498640
2209837
763253
2593314
2480119
1229071
2199906
770067
2602683
1089793
2602142
1794022
2385166
1176776
1901563
740905
2327160
1024059
397585
2026754
486435
1244384
2618670
1434716
836960
1802626
1379011
2011191
1718299
513202
2254539
1893137
1636660
2549939
738620
1437947
1275235
833214
1489514
1110428
2224402
901884
2244752
2361923
1410432
2190097
343186
500507
1883992
1823158
1826544
2043475
2628976
153255
464388
44641
960208
1966232
2516339
1168645
1682662
691021
2194022
763208
551434
1571419
1800640
1555409
1548144
269382
1829900
1266761
938555
2043119
533381
1752946
2539837
303663
1610456
1758821
2292720
1539081
1524653
175095
2603890
2237988
2003594
10359:
1590396
1922825
186369
2052983
2120863
1783996
2640984
669566
748687
1369421
667473
1724267
1279093
765544
2566472
547636
394046
1368915
175476
760857
822037
898311
2478777
2149854
766766
1740093
379151
2504125
585837
618973
1476092
542829
1913008
195596
1613182
418019
2303014
1329264
232956
140351
208541
665234
1547372
1442848
1736345
446041
2406487
225957
1916653
154203
1907307
2532397
2350561
2499114
2149460
1906693
1551427
1836471
621113
371456
993706
2211728
2267897
2127910
1909338
1268519
356575
2513383
1572650
2429814
8591
2171083
1308660
262464
88915
1896920
1086259
344369
2218334
1523347
1485511
2111169
1500036
1275706
941294
1588956
395646
1042365
651561
1299529
125988
167357
1339592
109284
2471938
2055350
870912
157485
1281277
395596
2181205
1498195
689031
2054981
1024969
1375821
105849
1853637
811476
2442337
1984775
2360840
2604606
2362640
2200186
135613
1566872
1716085
2006908
419343
2229280
283963
745332
818339
1920032
1705758
2221547
1501249
1037580
705614
1816276
1398063
2278663
1734307
2124069
424870
747432
2319350
2150578
2410790
2037230
989258
231377
2399088
930381
2084034
2198754
1183127
2178602
2404963
612716
698917
2061072
1527536
2131748
243311
976865
1272664
1344626
1967826
906370
2156013
2166485
692865
28625
1266694
2107604
952145
182873
172574
2585997
823109
1065727
1797090
2543671
1660888
1927325
2096905
650050
2147912
2045493
398643
2024772
1903284
1501807
491757
2040879
277163
1154753
1181919
2245035
146164
1617387
1476139
2591309
2413288
1771018
2435191
1025307
1913410
182656
617155
899165
2208840
2455926
89964
1313069
331339
1903033
526230
477673
2541527
787775
2140290
1594783
1681245
108390
482191
1644540
1386767
1201838
1787093
1823938
1078286
60327
2150143
901038
307095
919748
316725
1270423
715405
1424883
1094242
1599205
1836884
430876
2322217
2539966
1095708
1700201
1061265
1713080
1897726
1313488
1129287
113895
1121908
2046925
1205308
907089
71629
2092877
911615
746425
1193137
2430253
1408177
2463544
492892
1130749
334164
2385444
2024208
2100974
1292215
2463014
1848735
667721
2096072
1192393
477738
1037912
1270943
2263098
176826
69151
1200514
926532
991134
2633153
39687
1396634
690633
1596667
1654377
2390541
360021
2134822
2153901
2424038
518175
2274684
1771913
461619
577176
1331080
2479385
542222
836276
237524
406224
2006964
1508322
1669155
389439
2050482
107384
186087
1319299
431745
1344940
1315428
754396
371379
2054488
285710
2483348
1088647
2232091
38209
1349551
1193543
697725
884388
2432757
10425:
2191445
1382763
755105
1849030
2287105
474326
479599
869426
353874
820110
2143292
1683868
621088
2560792
1828689
294482
2190814
237652
160780
993400
2480799
1037232
925050
1845247
13017
10513:
2034826
2260942
2031273
1682592
1696065
2213703
2076482
10583:
2008673
100140
1247608
1208768
574582
838890
1121616
65263
1132061
32507
988544
2225308
1290873
948293
1352051
2129020
75501
1706476
429382
1079618
1949628
856398
1511865
2242100
1435900
1673252
333302
1572430
2350699
723498
1267850
1061633
2649225
356422
2306949
1409496
1880562
1355760
2555342
267984
972507
1779871
1301793
2215844
2189352
1829892
596902
8023
2628608
222683
392255
2397308
2505976
1781980
1450165
534807
2570617
4991
14838
970792
2203523
950624
1585938
2302850
128460
947210
1349562
1413219
1793139
1505357
713234
1807519
990464
480390
237496
1597730
2621138
398322
490131
1148013
28428
302785
2603491
2037182
468062
60629
1128506
2529845
2522365
802617
668718
100639
206148
2545400
1616372
932590
95129
1938154
1704404
2268273
2533916
485545
865835
596070
2373426
1448815
1722859
1643094
2481694
2600017
1558686
764120
735702
2073784
1354436
1213676
467416
1604921
878700
1500954
1424085
2297069
1101529
1510316
458537
680089
137714
66921
1101703
207288
100582
539327
1015807
1098842
1216040
881648
838349
173157
1950942
1295188
266196
831842
476851
1083909
179901
835433
1586607
254974
392303
1676768
859457
1950527
2418906
737448
490256
1371801
441737
803666
178201
1107113
1320638
171134
2105818
2275891
2320340
1950226
12987
289852
2209482
2623847
2433558
1138121
901215
2208000
519979
634247
1353666
534561
918990
1593444
2372980
2277911
2171904
186326
2145795
1907348
337617
87062
67287
2646900
2307509
484292
591079
1062622
2560404
1321114
2183880
2410284
2279018
1460748
149032
72259
1435300
1000247
491322
2133486
2268317
519421
668592
781651
2518231
911703
1525469
757584
1448137
2241110
698051
633938
1369133
2098501
2238201
1148290
1400766
1494874
1560151
547594
930990
389632
1281715
2463642
983690
1109402
1479682
110126
77520
1840845
1732566
529371
132557
1724456
1657652
782285
2608176
2469467
2077708
285395
1296160
1433747
100476
2471949
2311208
839123
1792877
964860
2056710
956479
1984521
2648768
1852053
28861
1659128
314938
1665764
1129746
2207219
1005166
773899
1997601
1935393
126389
2079269
471960
990507
1138559
1418768
2182257
2085320
619744
2249425
1923832
6908
1432340
1608546
1299784
1336231
1163642
